0
45
0 MLBR 227 715
1 SFIA 238 675
2 SBRN 178 670
3 SSF 148 616
4 COLM 129 576
5 DALY 132 536
6 BALB 138 513
7 GLEN 145 494
8 24th 169 475
9 16th 174 456 
10 CIVC 178 438
11 POWL 196 414
12 MONT 219 400
13 EMBR 227 381
14 WOAK 381 344
15 12th 439 325
16 19th 444 287
17 McAR 450 268
18 ASHB 431 211
19 DBRK 418 198
20 NBRK 400 172
21 PLZA 386 150
22 DELN 371 115
23 RICH 363 94 
24 ROCK 500 238
25 ORIN 551 226 
26 LAFY 614 216
27 WCRK 678 198
28 PHIL 699 172
29 CONC 717 146
30 NCON 731 122
31 PITT 746 94
32 LAKE 455 376 
33 FTVL 473 400
34 COLS 492 414
35 SANL 516 438
36 BAYF 532 468
37 CAST 635 499
38 WDUB 752 499
39 DUBL 794 499
40 HAYW 572 536
41 SHAY 614 598
42 UCTY 660 670
43 FRMT 709 715
44 OAKL 444 499
47
0 0 1
1 0 2
2 1 2 
3 2 3
4 3 4
5 4 5
6 5 6
7 6 7 
8 7 8 
9 8 9 
10 9 10
11 10 11
12 11 12
13 12 13
14 13 14
15 14 15
16 14 16
17 15 16
18 16 17
19 17 18 
20 18 19
21 19 20
22 20 21
23 21 22
24 22 23
25 17 24
26 24 25
27 25 26
28 26 27
29 27 28
30 28 29
31 29 30
32 30 31
33 14 32 
34 15 32
35 32 33
36 33 34
37 34 35
38 35 36
39 36 37
40 37 38
41 38 39
42 36 40
43 40 41
44 41 42
45 42 43
46 34 44